162
604
88
2882
1347
2896
374
1623
2470
214
1031
4161
2510
1019
2504
770
764
1596
758
980
1541
957
1226
2908
2505
598
1018
1742
1795
573
3035
4028
2459
1811
2897
1420
2883
177
1422
48
2659
1350
2665
405
1608
1595
1542
1219
996
2937
772
1796
389
3988
410
1351
1345
148
65
1355
59
366
399
2714
2728
1744
1750
207
3184
398
3966
1354
3219
2661
165
99
615
832
1356
365
371
4010
4038
563
3186
3151
1020
775
1578
3353
3352
1579
562
204
1974
3030
370
2892
166
1330
2611
4089
471
3902
3043
263
3137
3309
712
289
4103
3136
1721
504
1127
1899
3917
1696
15
1443
128
896
672
664
894
658
3256
1469
3083
1694
1119
1938
1904
3134
1284
1253
1535
1509
922
705
4100
1044
513
4060
467
2388
3928
1326
3257
665
1483
649
2830
1478
12
852
1322
3904
2398
1849
488
1915
517
926
714
728
1727
1733
270
1928
4059
2400
1109
310
1684
338
3911
1860
106
892
676
11
460
306
474
528
272
1043
702
1254
717
2563
2577
501
449
38
1334
1308
1491
663
2803
2817
1477
3260
3923
1107
256
1701
1715
2787
3300
3328
900
1516
1502
2962
2976
1714
280
294
1933
243
257
1847
451
337
445
874
34
3275
1476
651
1306
686
321
3934
1662
2592
2579
296
2784
2948
1299
3303
1514
1500
3317
902
2753
2752
1515
1298
718
724
3114
1717
2593
268
2424
4069
2418
3060
1844
37
2632
3262
687
693
678
3289
650
3299
126
33
1317
1854
1868
1897
278
522
536
2554
1713
2756
1538
292
3105
2555
1896
4087
2390
26
872
899
655
3298
669
125
2812
2635
30
1472
3265
18
1857
2392
327
2423
1670
290
1260
911
1705
2556
1936
497
4047
3933
3099
2387
2608
859
2634
656
2813
631
81
619
2684
341
369
590
1038
4154
962
963
778
2524
591
3835
208
552
2478
383
3941
1818
426
340
57
5
43
195
632
2693
69
3200
7
55
2644
356
222
1563
961
3349
1204
1562
1760
586
1774
3836
579
1953
2453
380
357
1370
97
623
810
2641
435
390
384
555
3167
582
2721
780
971
1981
554
232
4027
434
3204
2668
1349
2898
150
608
90
152
807
53
1820
3979
350
4019
3010
1798
1940
1954
2939
2722
783
966
769
3171
594
1969
219
3011
1809
3978
812
2870
